,Oui,Non,
"macreiben@gmail.com","Oui","Non",
"Jean Peuplu","Non","Oui",
